grasp_points: 
    # index : 0.8
    - lower_bound:    [-0.432292, 0.394773, 0.0613541]
      upper_bound:    [-0.432292, 0.373717, 0.341387]
      orientation:    [0.706609, -0.0265278, 0.706609, -0.0265275]
      distance:       0.280823